Model size is: 100000

11.111112 55.555557 77.77778 22.222223 77.77778 77.77778 88.88889 44.444447 55.555557  56.790127
33.333336 88.88889 88.88889 66.66667 88.88889 100.0 100.0 33.333336 55.555557  72.8395
44.444447 100.0 88.88889 88.88889 77.77778 100.0 100.0 33.333336 100.0  81.481476
44.444447 88.88889 88.88889 88.88889 100.0 100.0 100.0 55.555557 88.88889  83.950615
33.333336 100.0 100.0 100.0 100.0 100.0 100.0 77.77778 100.0  90.12346
33.333336 100.0 100.0 100.0 100.0 100.0 100.0 55.555557 100.0  87.65433
55.555557 88.88889 100.0 100.0 100.0 100.0 100.0 66.66667 88.88889  88.88889
55.555557 88.88889 100.0 100.0 100.0 100.0 100.0 66.66667 100.0  90.12346
55.555557 88.88889 100.0 100.0 100.0 100.0 100.0 66.66667 100.0  90.12346
55.555557 100.0 100.0 100.0 100.0 100.0 100.0 88.88889 100.0  93.82716
66.66667 100.0 100.0 100.0 100.0 100.0 100.0 88.88889 100.0  95.06174
66.66667 100.0 100.0 100.0 100.0 100.0 100.0 88.88889 100.0  95.06174
55.555557 100.0 100.0 100.0 100.0 100.0 100.0 88.88889 100.0  93.82716
55.555557 100.0 100.0 100.0 100.0 100.0 100.0 88.88889 100.0  93.82716
77.77778 100.0 100.0 100.0 100.0 100.0 100.0 88.88889 100.0  96.296295
88.88889 100.0 100.0 100.0 100.0 100.0 100.0 88.88889 100.0  97.53087
77.77778 100.0 100.0 100.0 100.0 100.0 100.0 88.88889 100.0  96.296295
77.77778 100.0 100.0 100.0 100.0 100.0 100.0 88.88889 100.0  96.296295
77.77778 100.0 100.0 100.0 100.0 100.0 100.0 88.88889 100.0  96.296295
77.77778 100.0 100.0 100.0 100.0 100.0 100.0 88.88889 100.0  96.296295
Model size is: 200000

44.444447 55.555557 77.77778 44.444447 77.77778 88.88889 100.0 33.333336 44.444447  62.962967
11.111112 88.88889 77.77778 77.77778 100.0 100.0 100.0 33.333336 55.555557  71.604935
55.555557 100.0 88.88889 88.88889 88.88889 100.0 100.0 77.77778 77.77778  86.419754
44.444447 100.0 88.88889 100.0 100.0 100.0 100.0 77.77778 77.77778  87.65433
55.555557 100.0 100.0 100.0 100.0 100.0 100.0 77.77778 100.0  92.59259
66.66667 88.88889 100.0 100.0 100.0 100.0 100.0 55.555557 88.88889  88.888885
66.66667 88.88889 100.0 100.0 100.0 100.0 100.0 66.66667 88.88889  90.12346
66.66667 88.88889 100.0 100.0 100.0 100.0 100.0 77.77778 100.0  92.59259
66.66667 88.88889 100.0 100.0 100.0 100.0 100.0 66.66667 100.0  91.358025
66.66667 88.88889 100.0 100.0 100.0 100.0 100.0 77.77778 100.0  92.59259
66.66667 100.0 100.0 100.0 100.0 100.0 100.0 88.88889 88.88889  93.82717
66.66667 100.0 100.0 100.0 100.0 100.0 100.0 77.77778 88.88889  92.5926
66.66667 100.0 100.0 100.0 100.0 100.0 100.0 88.88889 88.88889  93.82717
55.555557 100.0 100.0 100.0 100.0 100.0 100.0 88.88889 88.88889  92.5926
55.555557 100.0 100.0 100.0 100.0 100.0 100.0 88.88889 88.88889  92.5926
77.77778 100.0 100.0 100.0 100.0 100.0 100.0 100.0 88.88889  96.296295
77.77778 88.88889 100.0 100.0 100.0 100.0 100.0 88.88889 88.88889  93.82717
66.66667 100.0 100.0 100.0 100.0 100.0 100.0 100.0 88.88889  95.06174
66.66667 88.88889 100.0 100.0 100.0 100.0 100.0 100.0 88.88889  93.82716
77.77778 88.88889 100.0 100.0 100.0 100.0 100.0 100.0 88.88889  95.06174
Model size is: 300000

33.333336 55.555557 77.77778 44.444447 77.77778 100.0 100.0 33.333336 33.333336  61.728394
33.333336 88.88889 77.77778 66.66667 100.0 100.0 100.0 44.444447 55.555557  74.07407
33.333336 100.0 88.88889 77.77778 100.0 100.0 100.0 77.77778 66.66667  82.71605
55.555557 100.0 100.0 77.77778 100.0 100.0 100.0 77.77778 66.66667  86.41976
77.77778 100.0 100.0 100.0 100.0 100.0 100.0 88.88889 88.88889  95.06174
77.77778 100.0 100.0 100.0 100.0 100.0 100.0 88.88889 100.0  96.296295
66.66667 88.88889 100.0 100.0 100.0 100.0 100.0 88.88889 88.88889  92.5926
88.88889 88.88889 100.0 100.0 100.0 100.0 100.0 88.88889 100.0  96.296295
77.77778 88.88889 100.0 100.0 100.0 100.0 100.0 77.77778 100.0  93.82716
77.77778 88.88889 100.0 100.0 100.0 100.0 100.0 88.88889 88.88889  93.82717
77.77778 77.77778 100.0 100.0 100.0 100.0 100.0 88.88889 88.88889  92.5926
77.77778 77.77778 100.0 100.0 100.0 100.0 100.0 88.88889 88.88889  92.5926
77.77778 100.0 100.0 100.0 100.0 100.0 100.0 88.88889 100.0  96.296295
77.77778 100.0 100.0 100.0 100.0 100.0 100.0 88.88889 100.0  96.296295
88.88889 100.0 100.0 100.0 100.0 100.0 100.0 88.88889 88.88889  96.2963
77.77778 88.88889 100.0 100.0 100.0 100.0 100.0 100.0 88.88889  95.06174
77.77778 77.77778 100.0 100.0 100.0 100.0 100.0 100.0 88.88889  93.82716
55.555557 77.77778 100.0 100.0 100.0 100.0 100.0 100.0 100.0  92.5926
66.66667 77.77778 100.0 100.0 100.0 100.0 100.0 100.0 100.0  93.82716
77.77778 77.77778 100.0 100.0 100.0 100.0 100.0 100.0 77.77778  92.59259
Model size is: 400000

44.444447 55.555557 88.88889 55.555557 88.88889 100.0 100.0 44.444447 44.444447  69.13581
44.444447 88.88889 88.88889 66.66667 100.0 100.0 100.0 55.555557 66.66667  79.01235
33.333336 100.0 88.88889 66.66667 100.0 100.0 100.0 44.444447 66.66667  77.77779
55.555557 88.88889 100.0 100.0 100.0 100.0 100.0 55.555557 66.66667  85.18519
66.66667 100.0 100.0 100.0 100.0 100.0 100.0 66.66667 100.0  92.5926
77.77778 100.0 100.0 100.0 100.0 100.0 100.0 66.66667 100.0  93.82716
77.77778 88.88889 100.0 100.0 100.0 100.0 100.0 77.77778 88.88889  92.5926
77.77778 88.88889 100.0 100.0 100.0 100.0 100.0 88.88889 88.88889  93.82717
66.66667 100.0 100.0 100.0 100.0 100.0 100.0 100.0 100.0  96.296295
66.66667 88.88889 100.0 100.0 100.0 100.0 100.0 100.0 88.88889  93.82716
77.77778 88.88889 100.0 100.0 100.0 100.0 100.0 88.88889 88.88889  93.82717
77.77778 88.88889 100.0 100.0 100.0 100.0 100.0 88.88889 88.88889  93.82717
77.77778 100.0 100.0 100.0 100.0 100.0 100.0 88.88889 88.88889  95.06174
77.77778 100.0 100.0 100.0 100.0 100.0 100.0 88.88889 88.88889  95.06174
88.88889 100.0 100.0 100.0 100.0 100.0 100.0 88.88889 88.88889  96.2963
77.77778 100.0 100.0 100.0 100.0 100.0 100.0 100.0 88.88889  96.296295
88.88889 88.88889 100.0 100.0 100.0 100.0 100.0 88.88889 88.88889  95.06174
66.66667 88.88889 100.0 100.0 100.0 100.0 100.0 100.0 88.88889  93.82716
66.66667 77.77778 100.0 100.0 100.0 100.0 100.0 100.0 100.0  93.82716
88.88889 77.77778 100.0 100.0 100.0 100.0 100.0 100.0 88.88889  95.06174
